Timestamp start: 1715964762037
Timestamp end: 1715965542552

#type       avg     std     min      p5     p10     p50     p67     p75     p80     p85     p90     p95     p99    p999   p9999      QPS   target
read      514.4  1560.9   101.3   190.5   214.3   351.5   405.3   435.5   457.6   482.7   514.9   588.1  5036.8 30753.3 36546.7   7439.5     7434
read      400.3   621.7    93.8   161.0   178.1   311.1   389.7   440.1   481.2   532.3   596.8   710.4  2021.1  6845.1 30114.5  67003.2    67201
read      360.7   325.4    93.8   160.4   177.5   306.7   384.0   431.5   467.3   510.2   566.3   649.4  1312.3  3724.7  8884.4  85929.8    85927
read      351.4   288.0   101.3   158.2   175.0   310.2   386.7   433.7   470.8   517.5   573.8   644.0   808.9  2626.3 11076.7  63917.6    63953
read      351.8   368.3   101.3   153.1   169.2   298.7   393.8   456.8   497.3   536.1   576.9   629.6   831.0  2902.0 11583.8  31541.9    31595
read      353.7   318.3    93.8   160.4   177.6   305.2   382.6   430.7   466.1   508.0   562.1   638.9   875.6  3789.1 10384.2  87840.6    87879
read      464.3  1374.0   109.4   186.7   209.7   339.1   386.2   412.9   433.0   457.2   488.4   542.9  3579.9 27843.7 38628.5   7315.7     7287
read      371.7   415.3    93.8   158.9   176.1   311.8   390.2   440.1   480.4   530.1   591.3   679.9  1452.1  3754.0 15911.6  62058.5    62295
read      455.5  1353.2   118.1   191.9   215.2   333.8   373.0   396.7   414.9   436.6   469.4   539.3  2818.8 27012.6 37217.7   6579.8     6561
read      492.9   922.0   101.3   174.4   194.6   377.4   502.3   572.9   630.1   703.6   792.6   913.5  1706.7 13080.7 34935.6  22512.7    22532
read      371.9   317.6    93.8   162.3   180.2   324.9   405.3   456.4   495.7   542.6   599.4   676.7  1028.1  3272.7 10985.1  60611.1    60653
read      355.2   218.2   101.3   161.4   178.7   320.7   399.7   449.1   487.0   532.6   585.7   650.2   761.0  1273.5  8972.6  59112.0    59076
read      355.2   222.4    93.8   161.0   178.3   321.7   401.1   451.6   489.7   533.9   586.3   651.6   759.3  1055.4  8484.1  60113.5    60154
read      438.1   636.6   101.3   168.2   187.9   356.3   473.8   533.2   577.0   634.2   721.0   846.4  1184.8  7577.8 31735.7  22927.8    22964
read      452.8  1117.5   101.3   192.2   215.2   351.5   402.9   434.8   458.7   487.0   524.9   592.2  2779.0 19498.4 37150.2   8154.0     8172
read      390.2   454.9   101.3   161.6   179.2   320.1   428.6   489.5   527.5   567.8   619.0   739.2  1100.1  5263.6 20207.4  27709.7    27652
read      357.5   342.9   101.3   155.9   172.9   307.6   392.6   454.9   498.6   542.5   588.2   642.6   802.5  3645.3 11311.1  37462.9    37594
read      425.8   535.2   101.3   165.3   184.5   343.1   461.2   520.6   561.8   615.8   705.2   850.2  1174.5  7053.0 28447.8  24473.7    24367
read      363.9   298.2    93.8   156.2   173.4   308.6   401.3   466.1   509.2   551.5   597.2   666.4  1026.0  2880.7 10863.9  33786.6    33771
read      361.2   294.1    93.8   163.6   181.8   318.5   398.5   448.0   484.5   528.4   583.8   664.5   845.4  2551.9 10947.6  85072.3    84944
read      357.3   274.6    93.8   163.2   181.3   315.4   394.8   443.4   479.7   523.5   578.5   656.1   823.9  2471.1  9649.9  85735.5    85666
read      356.9   258.0   101.3   158.6   176.1   317.3   394.0   443.1   482.3   530.0   585.6   655.3   821.5  2494.1  8011.6  51903.4    51918
read      354.6   293.3   101.3   155.5   172.4   309.5   396.1   455.6   496.2   538.7   584.2   640.9   806.6  2096.1 11888.1  34481.0    34406
read      428.1   467.0   101.3   165.1   184.8   340.3   464.1   534.0   584.6   653.1   767.1   917.7  1212.2  5192.9 27909.8  28759.6    28664
read      378.9   378.3   101.3   157.5   175.3   318.3   411.2   474.0   518.3   565.2   618.8   693.4  1141.5  4152.5 12071.7  38233.9    38289
read      473.2   872.8   101.3   166.9   187.8   379.3   493.5   560.3   613.7   672.4   739.5   840.9  1334.3 11411.4 32413.7  20696.8    20658
read      481.7  1130.3   101.3   177.7   199.8   377.3   465.6   516.1   550.5   590.1   635.1   705.5  2122.4 19413.7 35915.0  13754.2    13840
read      386.0   486.2    93.8   165.0   184.5   321.6   400.7   450.8   488.5   533.7   591.8   686.7  1530.3  6460.0 18780.1  93213.5    93419
read      358.8   342.1    93.8   163.7   182.5   314.0   389.1   435.1   469.6   511.3   566.0   644.9   862.1  3566.0 11878.8  98271.9    98284
read      354.1   296.2    93.8   159.7   176.8   310.7   389.7   437.2   473.3   517.5   572.1   646.5   843.3  2602.3  9327.8  71240.5    71313
read      354.8   298.5    93.8   153.4   170.1   304.4   385.6   445.1   490.8   539.6   590.8   652.8   822.3  3189.7  9924.4  42028.8    42089
read      361.5   292.4   101.3   155.8   173.3   313.4   394.2   449.8   493.4   543.6   599.0   667.4   901.4  2988.0 10125.9  46506.3    46458
read      357.0   289.1   101.3   155.0   171.5   306.2   404.1   466.6   505.5   543.9   585.2   636.6   830.1  2892.4 11707.6  30703.5    30755
read      360.7   358.1    93.8   155.3   172.3   310.0   391.8   450.2   495.7   545.2   597.7   661.2   824.2  3901.4 12119.1  42993.2    42889
read      356.6   338.8    93.8   163.2   181.4   312.3   389.0   435.6   470.6   512.9   566.7   642.7   822.9  3486.8 12491.6  93529.9    93552
read      356.5   263.3   101.3   160.0   177.2   314.6   393.8   442.0   479.7   526.4   584.6   659.6   843.9  2323.4  8220.2  65759.5    65694
read      420.7   507.2    93.8   159.6   178.0   327.7   450.2   519.3   565.1   621.5   717.2   890.6  1274.6  5918.8 23323.5  29620.2    29574
read      361.5   374.7   101.3   155.9   173.5   311.8   388.6   440.0   483.2   534.1   592.3   663.8   931.8  3881.6 12322.2  51343.2    51355
read      354.4   262.3    93.8   159.9   176.9   312.5   391.0   438.5   475.2   520.2   575.4   646.6   831.1  2597.8  8525.9  67278.1    67361
read      477.2   999.2   101.3   173.9   194.5   377.0   471.7   529.1   571.4   619.6   676.6   760.7  1739.6 13458.6 35306.1  16295.5    16287
read      390.5   417.1   101.3   163.1   181.6   321.1   404.2   456.8   495.6   541.1   600.5   699.5  1715.4  4650.7  9616.3  81413.5    81508
read      357.0   302.8   101.3   162.0   179.7   311.5   389.8   437.7   473.5   516.1   569.9   647.2   864.1  3018.5  9455.7  87699.8    87619
read      350.6   278.6   101.3   162.9   180.9   310.1   385.1   430.0   463.9   504.3   556.4   633.6   811.1  2920.1  8703.3  99146.7    99068
read      364.1   337.9    93.8   157.3   174.7   316.2   394.5   446.8   489.8   540.3   598.0   669.5   929.4  3287.1 11007.3  51402.1    51267
read      461.9  1121.4   109.4   179.5   201.9   368.0   439.5   480.8   510.7   546.4   590.3   660.5  1928.9 16196.7 32487.7  11848.8    11822
read      427.8   852.9    93.8   167.2   188.1   333.6   413.4   463.0   500.4   545.8   608.1   711.3  1722.4 12225.8 32199.3  97465.3    97494
read      351.8   340.9    93.8   160.9   178.5   307.4   381.5   426.7   460.6   501.2   553.4   632.8   847.3  3285.3 13168.4  97577.9    97350
read      352.1   325.6    93.8   155.7   172.8   309.5   383.8   432.1   470.8   520.2   578.3   646.5   807.2  2403.6 12792.3  55548.7    55460
read      356.3   318.4   101.3   159.9   177.4   309.8   388.1   435.8   471.1   513.6   568.8   647.6   912.9  2736.2 11411.6  86213.8    85984
read      356.6   303.3    93.8   159.3   176.7   309.7   389.6   437.7   473.3   516.2   570.8   649.3   941.7  2897.2  8716.1  81963.1    82043
read      351.0   355.4    93.8   154.6   171.5   307.4   381.9   430.9   469.9   518.4   574.9   640.5   798.7  2627.7 12047.2  52815.9    52873
read      459.8  1009.4   101.3   175.4   196.4   367.1   453.2   501.6   535.5   573.3   617.9   684.3  1840.5 13134.0 32316.7  13962.1    13911
read      369.0   427.1    93.8   155.7   173.0   310.7   388.3   441.4   485.3   537.0   595.1   678.2  1316.7  3330.2 15089.2  49879.4    49984
read      461.8  1245.9   101.3   183.0   204.9   349.6   410.2   445.1   468.7   496.6   531.5   588.5  2753.5 23434.1 37077.2   9280.0     9274
read      459.4   829.4   101.3   163.7   183.1   346.7   476.7   548.1   607.2   684.0   778.2   900.3  1268.0 11802.5 35917.5  27183.8    27187
read      475.3   956.4   101.3   169.8   190.4   379.4   484.6   549.7   598.5   648.9   707.0   792.9  1385.1 13355.1 32218.6  18723.7    18735
read      398.1   464.0    93.8   163.5   182.4   323.5   406.5   459.6   499.5   546.8   610.7   724.9  1745.0  4719.4 15298.7  86438.5    86505
read      355.9   316.4    93.8   162.1   179.8   310.0   386.5   434.0   469.0   511.1   566.4   647.3   900.4  2878.6 10565.1  92921.3    93039
read      348.2   307.0    93.8   158.4   175.4   305.1   382.4   428.9   463.6   505.3   557.4   630.5   800.6  3081.9 10112.7  75955.0    75999
read      346.4   273.8    93.8   153.1   169.4   299.2   388.0   447.0   487.0   526.9   568.6   621.5   748.9  2902.5  8991.9  32280.0    32324
read      359.7   396.6   101.3   161.5   178.8   312.1   391.1   438.9   474.0   516.8   571.4   649.0   868.9  3736.7 17999.3  84269.7    84255
read      353.9   319.0    93.8   160.4   177.4   309.0   388.5   436.5   472.5   515.7   568.6   641.6   805.6  3444.9 11012.5  81666.3    81759
read      356.2   339.1   101.3   154.3   171.1   306.7   391.6   451.6   494.9   539.7   587.2   642.9   799.0  3082.0 12087.4  37256.3    37291
read      353.5   324.1   101.3   156.7   174.0   310.9   385.7   433.7   472.9   521.6   578.3   645.9   800.6  2997.1 12483.4  53875.7    53818
read      414.6   574.7    93.8   160.1   177.9   323.4   440.3   507.6   552.2   610.8   708.1   865.5  1194.7  8419.9 30507.2  30279.0    30297
read      353.0   323.3   101.3   153.3   169.6   298.9   391.4   452.1   491.4   530.1   572.2   629.4   918.7  3602.0 11386.5  31524.8    31569
read      342.6   321.2    93.8   151.1   166.9   295.2   375.5   434.6   478.8   524.0   570.5   627.2   748.9  2431.6 11706.7  38832.5    38927
read      396.4   779.8   101.3   184.0   204.5   347.2   397.0   424.7   444.8   468.8   502.2   556.0  1119.8 10760.9 31668.8  10651.9    10652
read      346.7   208.8    93.8   163.8   182.0   312.2   387.5   432.4   466.1   506.0   556.7   630.8   779.7  1060.2  8298.0  98122.1    98119
read      355.6   242.3   101.3   157.5   175.0   317.9   398.9   453.9   495.7   542.5   593.5   656.1   769.7  1171.9  8604.2  48144.6    48176
read      360.6   340.4    93.8   156.8   174.2   316.3   407.6   468.6   508.3   548.6   591.8   644.1   747.9  2513.2 11835.2  34852.5    34929
read      352.4   217.0    93.8   161.6   178.7   317.0   397.9   446.9   483.4   526.8   579.0   646.6   776.6  1052.8  8504.8  69769.2    69735
read      366.3   353.0   101.3   165.0   183.7   336.9   428.9   471.6   497.5   524.6   553.9   594.0   685.9  3246.7 15098.6  20860.7    20753
read      348.6   208.1   101.3   162.1   179.4   312.4   391.8   439.8   475.2   517.5   570.2   641.1   782.1  1028.5  7414.5  84526.4    84642
read      354.4   243.8    93.8   156.7   174.2   314.5   396.6   455.1   498.7   545.1   594.1   650.9   747.5  1042.3  9938.0  42317.9    42333
read      354.8   255.3    93.8   160.1   177.6   319.4   398.7   448.3   485.6   530.3   582.9   649.8   774.2  1155.5 11587.6  61678.1    61587
read      351.5   205.4    93.8   159.7   177.4   315.1   396.2   445.0   480.8   523.9   577.9   653.5   797.4  1084.1  7594.0  78084.2    77998
read      345.7   221.7    93.8   161.2   179.6   311.4   386.9   432.0   465.4   505.1   555.7   631.1   785.8  1081.5  8660.6  97576.2    97625
