Random waveform, random seed
Total number of intervals = 60 (35486, 37315, 89929, 71957, 38658, 51547, 59303, 69448, 47218, 75538, 72252, 42237, 63047, 96181, 67820, 42597, 34796, 24751, 15828, 65872, 85691, 88366, 24297, 86448, 80347, 51333, 77281, 22553, 29339, 77818, 14284, 57443, 63341, 10772, 22676, 18508, 70872, 34617, 52775, 83453, 94746, 78510, 64626, 40378, 73189, 24281, 14836, 21153, 72476, 9057, 78166, 72909, 75483, 16037, 69341, 46907, 79747, 41122, 37057, 25871)
Average QPS expected = 53164
Timestamp start: 1715940983644
Timestamp end: 1715941584255

#type       avg     std     min      p5     p10     p50     p67     p75     p80     p85     p90     p95     p99    p999   p9999      QPS   target
read      602.6  1090.0   173.5   219.5   233.6   379.4   541.5   679.3   833.7   983.9  1133.7  1321.3  2233.0 14813.3 32461.0  35387.7    35486
read      623.1  1095.2   173.5   216.8   231.7   389.4   552.4   693.6   846.6   998.1  1165.6  1405.5  3266.7 12891.7 35292.0  37406.6    37315
read      471.6   719.8   160.7   223.6   241.1   383.6   460.2   508.0   546.3   595.0   667.6   800.2  1845.4  9464.8 31168.8  90010.4    89929
read      394.2   280.9   160.7   216.1   228.8   347.9   421.6   464.8   498.1   538.5   592.1   683.7   972.0  3045.9 10678.2  71779.4    71957
read      580.5   955.8   160.7   218.6   232.6   380.2   528.6   638.7   765.4   939.0  1113.1  1341.0  2195.8 12664.0 32136.8  38600.1    38658
read      430.3   373.3   160.7   218.9   231.7   360.2   444.4   498.2   539.3   589.0   658.0   789.1  1523.2  4270.8 12503.8  51504.1    51547
read      396.9   259.6   160.7   216.7   229.2   351.5   429.0   475.0   511.5   555.4   612.9   699.6   937.5  2019.3  7829.1  59313.5    59303
read      395.6   239.6   160.7   216.5   229.4   350.6   425.4   469.4   503.4   545.3   601.0   694.1   995.8  2605.5  7895.6  69312.6    69448
read      590.3   974.5   173.5   219.4   234.1   375.8   501.4   602.1   712.5   933.2  1196.0  1495.1  2478.2 12611.5 32220.8  47225.9    47218
read      430.6   470.3   160.7   219.3   232.6   361.4   436.4   481.9   516.6   560.6   623.6   742.5  1728.9  6668.2 15123.0  75471.0    75538
read      411.8   364.2   160.7   218.9   231.9   357.2   433.4   479.4   513.9   556.2   614.3   713.5  1162.7  4518.4  9947.8  72250.0    72252
read      442.5   471.5   173.5   218.7   231.2   375.5   466.0   519.8   558.6   605.3   666.1   767.6  1556.4  5480.7 19953.5  42286.2    42237
read      394.3   225.9   160.7   218.6   231.2   355.0   431.9   476.5   509.2   548.6   600.7   682.5   869.5  1850.2  8135.4  63217.4    63047
read      389.8   217.9   160.7   223.5   239.6   361.0   423.8   461.2   489.6   524.0   569.6   640.9   808.7  1352.5  8197.6  96025.9    96181
read      387.1   218.8   160.7   217.8   230.4   351.0   425.9   468.7   501.2   539.4   588.2   665.9   831.7  1339.6  7842.6  67837.9    67820
read      470.2   474.1   160.7   217.9   231.1   371.8   469.5   534.3   583.5   645.2   755.0  1114.2  1609.7  5396.2 16904.7  42537.6    42597
read      517.3   572.4   173.5   219.9   233.7   389.5   513.9   594.9   668.9   788.0   983.4  1218.7  1610.7  7016.0 24155.1  34739.8    34796
read      499.8   682.5   173.5   219.2   232.0   403.7   518.1   577.6   626.2   703.8   832.5  1009.3  1476.7  8003.4 31384.9  24768.4    24751
read      501.5   701.4   173.5   221.8   236.7   442.5   527.0   580.1   625.7   687.7   759.0   862.2  1278.4  8075.8 31540.5  15841.5    15828
read      425.1   348.9   160.7   219.5   232.5   360.3   438.1   485.8   522.4   568.3   631.8   755.3  1669.8  3449.8 10100.3  65813.8    65872
read      401.2   278.5   160.7   222.2   237.2   362.4   432.2   473.4   505.3   544.0   594.9   682.5   905.3  2580.4  8866.5  85807.9    85691
read      393.3   262.1   160.7   221.3   235.7   356.5   424.4   465.0   496.1   533.2   582.1   662.3   859.6  2896.3  7954.3  88333.6    88366
read      523.4   524.1   160.7   220.1   234.2   426.3   559.5   643.4   726.7   828.7   938.3  1084.5  1397.0  6081.2 20298.1  24390.6    24297
read      422.0   352.5   160.7   222.9   238.7   368.8   441.2   485.7   519.7   560.8   618.0   718.5  1460.4  3927.4 10611.3  86388.9    86448
read      399.9   278.8   160.7   220.8   234.7   357.7   430.8   474.2   507.0   546.5   598.7   686.6   925.0  2832.0  9868.4  80076.3    80347
read      408.1   305.2   173.5   219.2   231.4   362.9   446.4   495.4   531.5   573.4   626.0   711.1   942.9  2488.5 12651.0  51366.5    51333
read      392.3   227.7   160.7   219.5   232.6   354.2   426.7   469.0   501.1   539.6   589.6   673.5   871.5  2457.0  5864.0  77348.6    77281
read      485.3   646.2   160.7   217.0   230.2   410.1   512.0   561.3   598.7   660.1   772.6   937.7  1300.9  9549.9 28747.2  22584.1    22553
read      537.9   787.2   160.7   216.1   230.1   402.1   540.5   625.9   714.6   840.0   974.9  1151.2  1559.8 11370.9 31809.1  29279.2    29339
read      427.4   440.9   160.7   219.6   233.4   363.5   438.8   484.8   519.4   561.8   620.5   728.2  1657.6  5703.1 15065.0  77999.9    77818
read      544.7  1062.7   160.7   219.9   235.3   448.5   538.0   598.5   642.2   695.2   750.0   846.7  1602.4 13913.3 36846.9  14304.0    14284
read      411.1   496.0   160.7   216.6   229.2   356.9   437.3   485.4   521.6   565.1   621.1   710.4  1034.0  4725.7 16234.8  57411.3    57443
read      411.6   471.9   160.7   218.1   230.7   356.5   435.4   483.0   518.5   561.4   618.3   711.5  1014.7  4334.6 20021.6  63372.9    63341
read      594.6  1846.7   173.5   223.9   242.7   437.3   517.4   564.6   596.6   634.3   686.3   779.0  4053.8 23655.4 65350.9  10742.5    10772
read      552.0   985.6   160.7   216.7   230.7   435.8   554.6   631.2   705.9   794.0   894.3  1033.1  1658.2 12532.3 36842.3  22671.4    22676
read      557.5   956.3   160.7   218.6   232.9   458.3   566.2   642.9   707.0   770.8   847.5   961.4  1534.8 12628.6 32400.3  18542.7    18508
read      438.4   485.8   160.7   219.9   233.6   363.5   441.9   489.9   526.6   572.2   634.2   755.1  1815.9  5756.6 16162.3  70716.4    70872
read      561.3   802.8   160.7   218.5   232.5   392.5   542.9   651.8   773.1   925.5  1080.2  1262.6  1725.9 10653.9 32010.7  34525.3    34617
read      432.4   417.2   160.7   217.8   230.4   363.7   452.1   504.8   544.6   592.4   659.1   783.0  1544.9  4279.0 12693.7  52733.0    52775
read      398.3   361.7   160.7   218.6   231.7   352.5   424.0   466.0   498.4   537.9   589.4   675.6   912.8  3754.3 12773.7  83509.9    83453
read      406.0   415.0   160.7   223.8   240.4   367.2   433.6   474.8   506.5   545.0   596.4   681.3   889.6  3383.1  9765.7  94700.1    94746
read      396.8   363.2   160.7   217.6   230.5   350.5   423.8   466.7   499.5   539.0   590.6   677.6   896.8  3978.9 13147.2  78521.0    78510
read      405.7   341.6   160.7   217.7   230.1   354.1   434.1   481.4   516.4   559.0   615.7   706.9  1036.2  3609.7 10812.7  64622.5    64626
read      542.9   750.7   160.7   218.0   232.0   376.3   509.3   608.0   711.9   889.7  1078.5  1295.6  1702.3  9978.2 31236.7  40514.0    40378
read      446.3   532.2   160.7   220.3   234.5   368.8   448.6   497.2   534.8   581.9   648.1   793.5  1816.8  5508.5 16053.3  73339.3    73189
read      562.4   995.7   173.5   214.6   228.8   433.1   566.9   662.8   743.6   829.1   922.6  1061.7  1748.8 13481.1 35348.1  24368.3    24281
read      560.8  1175.6   173.5   217.7   233.5   454.9   555.1   619.3   663.2   709.9   760.5   846.6  1755.1 14963.1 36413.6  14837.0    14836
read      563.2   967.1   173.5   214.7   229.0   452.1   576.7   669.2   734.5   802.9   880.1   998.0  1673.3 12551.2 35608.3  21225.2    21153
read      444.0   458.8   160.7   217.5   230.9   361.1   437.9   486.5   524.3   573.0   641.7   828.0  1839.4  4972.6 13332.5  72370.3    72476
read      549.8  1399.2   173.5   223.3   242.5   420.0   489.7   527.6   553.0   582.2   619.7   684.1  3656.5 28174.5 36517.9   9056.9     9057
read      421.1   469.2   160.7   217.8   230.9   355.9   428.7   472.4   506.7   548.6   607.5   712.1  1675.2  5751.4 18788.3  78096.7    78166
read      394.5   352.8   160.7   214.4   227.4   346.0   420.2   463.8   497.3   537.5   588.9   674.1   942.5  3841.0 11934.1  72875.4    72909
read      396.1   368.1   160.7   215.9   228.9   347.3   421.4   465.1   498.7   539.2   591.8   678.1   937.4  3894.4 13107.3  75629.3    75483
read      536.9  1056.3   160.7   215.8   230.9   443.5   536.6   603.0   653.9   710.5   771.5   862.7  1642.2 16953.9 35518.7  16022.2    16037
read      445.1   502.5   160.7   217.0   230.5   360.8   439.6   489.8   528.5   577.2   647.6   817.6  1849.4  6208.6 18518.3  69287.2    69341
read      526.0   629.0   160.7   215.7   230.2   365.7   482.6   574.2   664.1   848.2  1089.1  1360.0  1800.2  7656.7 30185.8  46941.7    46907
read      428.8   525.7   160.7   217.0   230.6   358.3   433.3   477.5   511.0   552.9   612.7   723.0  1728.5  7070.7 19215.2  79591.3    79747
read      523.9   533.6   160.7   214.6   229.2   367.9   502.8   604.2   719.9   905.1  1086.5  1291.2  1635.0  6924.9 17557.6  41010.9    41122
read      560.2   746.4   160.7   215.9   230.8   384.2   543.1   665.7   806.8   950.3  1093.4  1271.6  1704.5  9997.5 31500.4  37023.7    37057
read      563.0   967.3   160.7   213.0   227.6   421.5   565.0   681.0   769.8   858.0   953.9  1089.3  1680.8 11591.8 35465.5  25792.5    25871

Total QPS = 53154.3 (31892604 / 600.0s)

Total connections = 64
Misses = 0 (0.0%)
Skipped TXs = 0 (0.0%)

RX 7877472941 bytes :   12.5 MB/s
TX          0 bytes :    0.0 MB/s
Warning! Detected max cpu usage > 95%
CPU Usage Stats (avg/min/max): 99.99%,50.00%,100.00%
