Timestamp start: 1715974908540
Timestamp end: 1715975689136

#type       avg     std     min      p5     p10     p50     p67     p75     p80     p85     p90     p95     p99    p999   p9999      QPS   target
read      482.2  1353.8   118.1   192.1   219.8   351.2   399.2   428.3   450.2   475.4   509.2   587.7  3035.6 27395.6 37031.8   7414.0     7434
read      423.9   718.7   101.3   164.4   182.6   322.1   405.2   459.2   501.1   553.3   628.3   807.6  2023.9  9797.7 30589.0  67090.2    67201
read      373.8   371.5   101.3   163.2   181.5   321.4   401.0   450.2   487.3   532.2   590.3   679.8  1032.2  4065.0 11461.4  86377.8    85927
read      384.3   463.5    93.8   161.4   178.7   325.2   405.7   454.4   491.0   535.0   592.8   678.4  1407.8  5124.9 15488.8  64121.0    63953
read      376.9   456.8   101.3   155.1   171.6   311.3   402.3   460.7   501.5   542.6   587.9   655.5  1208.6  4913.3 15836.9  31797.8    31595
read      398.0   459.1   101.3   165.7   184.6   328.3   409.8   459.7   498.7   546.3   611.9   722.8  1738.3  5479.9 12909.4  88091.5    87879
read      366.8   646.6   118.1   192.3   215.3   325.4   361.7   381.0   395.3   413.3   438.7   493.7  1235.7  7735.6 31773.0   7338.8     7287
read      423.7   569.5   101.3   163.6   181.8   322.0   407.9   465.4   511.7   574.3   662.3   998.1  1839.3  7143.1 26664.9  62258.5    62295
read      399.3   942.7   118.1   189.7   214.2   325.3   362.8   383.8   399.5   420.9   450.0   503.5  2357.0 10717.5 31730.6   6617.5     6561
read      553.6  1187.9   101.3   169.3   190.0   380.2   509.8   598.9   660.7   723.8   798.5   935.2  4533.5 14551.3 35418.8  22396.8    22532
read      390.1   462.8   101.3   159.9   177.4   319.5   400.1   452.0   492.5   542.9   610.4   733.2  1656.1  4108.8 18680.8  60692.5    60653
read      353.4   369.3   101.3   155.6   172.4   316.1   393.0   437.7   472.5   514.6   567.4   639.3   803.9  2516.4 12480.3  59121.0    59076
read      359.4   331.7   101.3   158.2   174.9   318.7   398.1   445.7   482.0   525.7   580.6   657.0   852.8  2736.8 12906.2  60126.0    60154
read      432.8   932.8   101.3   160.8   179.0   355.8   455.3   510.0   550.0   607.6   690.0   809.6  1132.3  8969.8 59910.7  22824.5    22964
read      535.1  2312.2   101.3   184.6   209.3   360.4   413.5   444.4   466.1   492.4   526.6   589.0  4189.4 43707.2 64744.2   8245.8     8172
read      489.2  1634.7   101.3   161.6   179.2   341.2   457.6   524.6   572.6   635.4   739.6   905.1  1688.5 13873.4 64779.4  27580.0    27652
read      362.8   340.2   101.3   154.6   171.4   315.1   401.0   460.1   503.9   548.0   596.7   660.9   913.0  3345.0 12275.9  37549.8    37594
read      441.7   718.0   101.3   161.6   179.9   353.1   466.1   529.9   578.2   641.6   730.8   854.8  1367.5 11514.9 25292.0  24385.5    24367
read      469.5  1327.1   101.3   157.8   175.6   323.6   430.9   502.4   552.0   614.1   723.1   970.0  2096.5 12742.9 63037.5  33797.8    33771
read      365.9   436.0   101.3   161.4   179.0   314.4   392.4   440.6   477.3   522.0   578.2   660.9   909.9  4641.8 14892.7  85019.2    84944
read      364.0   366.7    93.8   162.8   180.5   317.1   396.5   445.9   483.3   527.8   583.3   666.9   916.3  2600.7 16570.9  85569.0    85666
read      366.6   396.2   101.3   158.3   175.6   320.0   395.9   444.4   483.9   532.3   587.7   660.0   862.4  5727.4 16384.6  51923.2    51918
read      379.8   437.8   101.3   158.7   175.7   320.3   411.2   469.7   510.8   554.5   601.5   665.6  1055.1  5637.8 17696.8  34333.5    34406
read      386.2   470.0   101.3   161.7   178.9   325.8   424.9   482.2   519.7   558.5   601.1   670.1  1186.9  5385.5 12859.0  28687.2    28664
read      375.9   475.7    93.8   159.1   176.3   321.2   408.3   467.8   511.3   558.9   610.2   683.0  1082.9  3771.8 11390.2  38210.8    38289
read      372.6   549.1   101.3   163.2   180.4   328.4   412.5   453.0   479.0   506.6   539.3   585.6   777.1  8290.7 21708.5  20651.0    20658
read      373.9   476.4   109.4   178.5   197.4   350.7   409.3   438.3   459.1   482.5   510.1   563.1   746.2  7564.5 19299.0  13941.5    13840
read      350.3   181.0   101.3   162.1   180.1   312.8   390.4   436.9   471.8   513.8   568.9   650.9   822.0  1797.5  3036.7  93326.0    93419
read      335.4   157.3    93.8   159.9   177.3   303.2   375.3   419.6   452.7   491.9   541.5   616.1   757.2  1005.0  3012.4  98405.5    98284
read      345.3   192.5    93.8   158.6   175.4   312.3   391.5   436.8   471.6   513.6   565.8   635.1   767.1  1101.8  6701.0  71519.5    71313
read      346.1   253.8    93.8   155.1   171.7   310.8   390.3   443.7   484.9   530.6   578.6   637.2   738.7   937.2 10325.5  42128.2    42089
read      347.4   168.2    93.8   156.2   173.0   314.6   393.3   444.2   485.5   532.5   583.3   643.4   752.0   947.5  1596.3  46292.0    46458
read      348.7   204.5   101.3   154.7   171.0   311.9   405.0   462.1   499.7   536.5   576.2   625.6   712.6  1004.3  4671.1  30825.0    30755
read      349.9   224.4   101.3   156.2   173.2   314.3   393.8   447.5   488.2   533.6   584.3   643.2   746.7  1173.5  9099.9  43097.5    42889
read      357.2   383.0   101.3   164.1   182.2   315.7   390.7   435.9   471.3   514.8   570.8   653.2   834.5  2520.6 13827.9  93672.8    93552
read      355.5   225.6   101.3   162.3   179.3   319.6   399.0   446.2   481.7   523.9   575.7   645.3   788.7  2094.4  7937.8  65850.8    65694
read      397.6   613.4   101.3   162.0   179.8   322.5   420.7   481.4   521.8   564.4   616.8   731.8  1146.7  7414.1 31067.0  29657.5    29574
read      361.4   263.4   101.3   160.8   178.0   321.7   398.1   447.9   487.2   534.4   589.0   659.0   831.7  2621.5  9593.0  51397.8    51355
read      362.5   210.2   101.3   164.2   181.6   324.8   406.3   455.8   492.7   536.5   590.1   665.3   834.5  1960.7  6911.8  67175.0    67361
read      420.9   664.4   101.3   178.5   198.3   363.0   443.2   485.7   516.4   554.0   615.3   716.7  1202.7  7995.6 32150.2  16381.5    16287
read      412.4   501.0    93.8   169.9   189.2   336.9   421.5   473.9   516.2   567.3   633.6   749.1  1769.6  6585.8 16026.3  81518.0    81508
read      368.2   261.4   101.3   167.6   186.9   327.2   407.7   456.6   493.3   537.3   592.8   678.0   884.1  2080.1  7979.9  87455.8    87619
read      352.8   263.5   101.3   164.3   182.9   314.2   389.1   435.0   469.4   509.9   562.8   639.3   808.0  2035.6 11089.2  99053.5    99068
read      355.6   226.0   101.3   160.2   177.2   319.9   396.5   445.3   484.6   532.0   584.9   653.9   786.5  1667.7  9198.5  51694.8    51267
read      404.0   651.4   109.4   177.8   199.0   353.5   412.3   444.8   468.1   499.4   543.5   627.3  1425.2  8189.6 32161.2  11883.8    11822
read      444.1   653.1   101.3   172.0   195.7   360.9   439.9   492.4   536.3   593.1   675.8   804.9  1812.3  8740.2 30889.6  97311.2    97494
read      360.2   266.8    93.8   162.4   181.3   318.4   393.8   440.4   475.1   518.9   575.5   661.2   869.8  3271.2  8736.6  97241.5    97350
read      366.8   344.7   101.3   159.5   176.8   327.0   405.4   451.5   486.5   529.8   584.7   666.9   937.3  2837.8 13121.2  55512.2    55460
read      363.1   288.9   101.3   162.9   181.1   317.4   395.7   442.9   479.1   524.2   582.1   670.2   967.1  2587.4  8640.8  85867.8    85984
read      364.4   245.7   101.3   163.5   182.0   322.3   403.0   452.7   489.9   534.4   590.7   675.2   868.9  2608.8  7987.0  81961.8    82043
read      358.2   227.0   101.3   159.2   176.4   323.2   400.4   448.8   485.8   531.4   586.0   660.0   807.2  1953.3  7520.7  52917.8    52873
read      424.3   716.3   109.4   176.0   196.2   363.5   435.4   478.0   509.4   548.1   600.9   680.1  1217.8 11203.9 31293.4  14049.2    13911
read      381.6   320.8    93.8   160.4   177.7   324.0   404.6   458.1   500.5   550.6   615.8   725.2  1418.7  2693.0  9828.1  50086.8    49984
read      401.0   707.0   109.4   184.4   207.8   345.5   396.6   426.9   450.7   481.2   523.2   587.7  1373.1 10171.6 35326.8   9286.0     9274
read      424.0   729.2   101.3   162.8   180.7   331.3   439.4   501.0   540.7   585.0   645.6   803.7  1244.5  9626.2 34394.2  27110.0    27187
read      438.2   632.0   101.3   172.8   192.5   371.1   468.1   523.4   565.1   620.5   688.3   789.7  1237.5  9158.8 30838.1  18748.5    18735
read      383.8   384.5    93.8   166.7   185.7   328.9   408.8   457.8   496.1   543.0   604.2   700.4  1247.6  4327.2 13709.5  86557.5    86505
read      361.3   313.1   101.3   164.8   183.2   320.3   397.6   443.9   478.9   522.7   577.8   662.5   864.8  2186.7  7931.8  92898.5    93039
read      364.5   243.9    93.8   162.3   179.9   321.7   403.5   454.8   492.8   537.2   590.7   671.4   876.3  2824.9  5765.3  76029.5    75999
read      368.3   330.9   101.3   157.5   174.7   314.2   409.2   470.4   512.3   553.2   596.4   653.4   871.5  4559.7 10812.4  32385.0    32324
read      371.1   277.0   101.3   166.7   185.3   329.4   410.7   459.9   497.3   542.3   599.9   685.2   885.8  2335.4 10486.9  84297.8    84255
read      360.0   235.1   101.3   163.7   181.3   319.2   400.0   449.0   485.2   528.7   583.7   665.5   852.4  2483.8  7040.9  81655.5    81759
read      360.4   282.1   101.3   156.6   173.3   314.0   400.7   462.1   506.3   550.7   598.2   658.0   788.9  2757.2  7942.1  37355.0    37291
read      359.9   247.1   101.3   161.6   178.6   323.1   401.3   450.0   487.4   532.6   585.7   656.3   799.9  1891.8  8456.6  53969.5    53818
read      359.4   296.8   101.3   159.3   175.6   314.7   404.8   461.8   499.0   537.7   579.5   633.2   778.4  2928.5 14261.3  30401.8    30297
read      350.0   291.6   101.3   155.5   172.1   313.5   397.0   448.7   483.7   520.9   562.5   619.4   737.2  2373.0 12307.4  31589.8    31569
read      366.6   446.4   101.3   157.2   174.5   318.7   399.4   452.1   489.8   531.8   580.8   643.4   828.7  6104.2 16040.8  38927.8    38927
read      439.6   935.7   109.4   181.6   204.0   354.4   413.1   449.4   476.8   509.0   549.3   619.7  2653.7 11599.4 37008.9  10725.5    10652
read      431.9   583.8   101.3   170.9   192.9   350.6   430.3   482.8   525.8   581.8   659.8   800.6  1855.6  8548.8 23759.6  98328.2    98119
read      372.4   373.1    93.8   158.8   176.2   320.7   399.4   451.2   492.5   540.9   597.6   676.4  1086.5  5718.7 11669.8  48316.5    48176
read      353.8   261.1   101.3   154.4   170.9   308.3   395.5   452.5   493.4   536.1   582.5   640.8   849.4  2228.7  6996.1  34756.5    34929
read      353.2   244.5    93.8   159.8   176.6   315.2   394.9   442.9   479.0   522.0   576.4   651.3   826.3  1867.8  6677.0  69779.5    69735
read      478.7   910.2   101.3   172.0   192.5   380.9   492.8   555.1   607.2   673.8   754.2   872.3  1423.9 13663.3 32103.9  20670.5    20753
read      503.6   731.6   101.3   172.8   197.0   371.5   463.3   528.5   584.6   659.6   777.7  1484.5  2129.8  9087.8 30477.7  84596.2    84642
read      364.4   332.4   101.3   155.1   172.5   315.4   396.9   452.6   496.1   543.9   598.2   669.4   960.2  2937.3 10911.2  42375.8    42333
read      360.6   224.5   101.3   160.1   177.2   321.5   401.1   449.9   487.0   532.7   589.4   666.8   877.9  2135.3  6516.1  61703.0    61587
read      368.2   231.6   101.3   164.6   182.5   323.1   406.8   458.2   497.1   542.2   599.6   683.5   932.4  2475.2  5972.5  77837.8    77998
read      372.8   396.5   101.3   167.5   187.0   322.7   398.4   445.2   481.3   525.6   583.3   673.1   969.7  3862.2 13430.2  97565.2    97625
read      450.2   714.3   101.3   169.4   189.1   355.4   469.7   533.3   578.2   634.3   719.9   850.1  1313.3 10661.6 30888.5  23763.2    23781
read      394.0   357.5   101.3   166.5   184.8   328.0   413.4   467.4   510.5   563.4   630.9   748.6  1549.0  3511.7 10509.7  66870.0    66723
read      364.1   381.4   101.3   158.6   175.0   312.1   406.4   467.3   507.7   546.2   587.2   639.5   825.0  2968.8 13501.2  30836.0    31016
read      358.9   269.7   101.3   158.7   175.9   316.0   392.3   443.6   487.7   539.7   596.3   665.7   817.0  2616.8  9775.2  47581.5    47394
read      366.2   372.4   101.3   166.0   184.1   319.7   397.1   444.0   479.8   523.4   578.8   660.7   859.4  4576.5 13322.7  95389.5    95335
read      398.4  1077.5   118.1   202.1   224.9   319.9   353.8   372.2   387.4   403.7   432.3   494.4  2153.1 20167.8 35949.0   5304.0     5252
read      427.0   628.0   101.3   167.7   186.2   329.4   413.9   470.5   517.2   574.8   656.2   898.6  1829.3  7696.6 30455.2  65792.8    65908
read      440.2   947.6   101.3   173.9   192.7   352.8   433.3   474.0   502.5   536.7   585.6   694.1  2085.2 11355.5 35896.2  17019.8    16889
read      431.8   484.2   101.3   167.0   186.0   333.1   431.4   504.5   562.1   631.9   744.8  1059.3  1547.0  4616.4 17481.3  43021.5    42912
read      376.0   382.1   101.3   168.7   188.6   329.4   406.8   454.4   490.7   535.2   591.4   680.1   910.5  4392.0 12714.6  99848.2    99898
read      397.8   437.0   101.3   163.6   181.4   331.1   442.5   501.6   540.1   585.3   650.3   796.4  1075.0  4089.9 28000.2  26331.2    26385
read      474.1   795.2   101.3   171.3   191.1   372.0   491.9   567.0   625.9   693.4   774.7   890.8  1323.7 10245.9 32195.5  22616.8    22616
read      407.7   540.5   101.3   161.6   179.3   322.7   404.5   464.8   516.5   578.0   648.9   820.1  1633.0  5078.1 19808.9  50417.5    50605
read      364.8   322.9   101.3   165.4   183.2   319.1   396.9   444.3   480.3   524.6   581.0   666.5   919.9  2887.2 10246.9  90262.5    90283
read      420.8   530.4   101.3   161.8   180.0   339.3   457.9   521.1   562.8   617.2   703.2   858.5  1156.3  7405.9 24798.5  26333.8    26273
read      367.1   376.4    93.8   158.4   175.6   318.0   395.3   447.5   490.4   540.5   596.7   670.1   971.5  3487.4 14510.3  48565.5    48521
read      361.4   295.4   101.3   157.8   174.7   312.3   402.7   464.5   507.9   551.3   595.9   654.0   849.5  2546.9 15229.1  34096.2    34058
read      363.3   257.2   101.3   163.9   180.9   317.9   398.3   447.7   485.2   529.8   585.0   667.9  1027.9  2594.7  6454.4  75523.0    75648
read      425.5   499.0   109.4   173.6   192.6   361.7   457.9   511.4   552.2   609.8   686.0   789.0  1072.5  7298.2 22492.3  19496.2    19482
read      495.2  1159.9   101.3   176.2   196.5   374.8   464.2   521.4   563.9   610.6   665.5   746.5  2767.3 12604.7 36389.4  15138.0    15054
read      426.5   460.5    93.8   167.0   186.4   338.8   429.3   486.6   530.5   583.3   658.7   841.7  1860.4  4211.7 12386.3  75802.8    75754
read      458.9  1443.8   127.6   205.5   231.0   329.9   365.0   385.0   399.2   419.0   447.1   515.9  3252.9 28943.1 49630.7   5182.0     5187
read      496.3  1151.7   109.4   180.9   201.6   383.4   486.1   551.1   602.8   656.3   716.8   803.3  1489.5 14727.7 42146.5  17639.0    17656
read      447.0   537.2   101.3   173.8   196.0   356.8   439.2   495.9   541.1   599.7   683.8   856.6  1894.3  8399.8 16362.9  96431.5    96343
read      358.5   241.8    93.8   157.2   174.1   310.8   395.7   457.8   502.9   549.0   597.2   658.4   871.5  2286.7  9020.9  36680.2    36665
read      360.1   258.0   101.3   164.4   182.1   317.0   395.4   442.8   478.7   522.6   577.8   658.8   857.9  2969.1  7946.4  85492.5    85269
read      366.8   405.5   101.3   157.0   173.8   310.9   406.5   469.1   509.9   550.3   592.7   648.5   858.3  5560.3 14724.5  31525.8    31525
read      362.4   327.7   101.3   161.9   178.4   321.4   399.6   447.6   485.0   530.5   585.5   658.4   823.2  3168.3  9855.1  61667.2    61798
read      416.4   695.4   109.4   177.4   198.2   361.0   427.9   467.9   497.8   534.6   582.7   657.8  1109.6 10068.9 31537.4  12287.8    12253
read      454.5   701.9   101.3   165.7   185.4   349.7   471.5   538.9   590.3   666.2   769.4   904.8  1328.5 10724.3 29703.5  25728.0    25710
read      419.4   483.9    93.8   165.1   184.2   333.6   421.0   475.8   518.5   570.7   638.2   797.3  1840.6  5676.3 16000.5  79845.8    79937
read      408.1   998.9   118.1   190.3   213.2   328.2   367.3   389.8   405.8   429.2   461.6   516.3  2548.7 11941.4 35212.3   7270.0     7271
read      416.7   521.3    93.8   166.2   185.8   340.0   424.2   474.8   515.2   567.9   639.7   781.0  1814.6  6220.5 25714.9  85271.5    85861
read      362.1   316.2   101.3   164.0   182.4   318.9   395.8   443.0   479.0   522.8   578.6   661.3   845.9  3593.4 12399.2  91652.2    91467
read      383.5   438.9   101.3   164.5   182.5   327.0   412.6   464.2   503.2   549.1   607.1   691.9  1016.0  5636.5 15791.5  71986.0    72217
read      356.9   344.2   101.3   157.9   174.8   314.6   405.0   462.0   500.1   537.5   579.1   634.1   763.4  2443.5 12649.1  30984.5    31080
read      374.3   439.9    93.8   160.0   177.8   322.3   404.4   454.7   491.8   536.9   593.9   684.3   961.0  4249.4 15481.6  76635.8    76878
read      369.1   422.4    93.8   160.7   178.1   314.1   392.5   439.9   476.2   520.3   577.1   664.9  1083.5  5493.3 12688.1  84757.2    84584
read      423.3   908.0   109.4   173.0   194.6   348.2   414.5   453.4   482.3   518.9   567.1   636.5  1478.3 10903.2 31969.4  12484.8    12492
read      373.2   364.0    93.8   157.3   174.8   316.0   392.1   439.5   479.0   530.9   594.1   688.0  1498.4  3218.3 14238.1  57142.0    57106
read      361.4   280.8   101.3   164.4   182.7   316.5   393.5   439.5   474.0   517.0   572.8   658.9   927.9  2846.8  9367.2  96104.8    96245
read      428.3  1061.8   127.6   194.5   217.8   330.5   369.5   392.1   408.2   430.8   463.3   520.4  2988.3 12582.6 48148.3   6794.8     6791
read      441.9   646.0   101.3   169.8   191.1   346.7   431.5   485.9   529.1   583.2   657.0   813.9  1867.0  8692.6 28888.6  90617.5    90728
read      480.3  1604.7   127.6   201.6   226.8   326.0   360.6   380.2   396.0   415.8   443.5   508.5  3945.9 31104.1 35998.8   5171.0     5151
read      455.9   642.0   101.3   168.0   188.5   341.4   429.7   488.5   534.9   592.9   680.6  1242.8  2016.9  7681.1 30257.1  82493.5    82969
read      354.6   235.9    93.8   155.7   172.9   315.5   392.7   442.9   483.4   530.4   584.5   656.1   840.2  1979.4  7803.6  42521.5    42635
read      356.2   359.7   101.3   162.1   180.5   313.4   387.3   431.5   464.5   505.2   558.7   639.2   848.6  3481.6 13223.4  99370.0    99337
read      357.7   276.1   101.3   164.1   182.6   317.7   393.4   438.9   473.0   515.6   571.2   652.8   844.9  2129.0 13102.0  95583.0    95192
read      361.5   310.4    93.8   161.1   178.0   317.4   398.7   447.2   483.9   528.9   583.3   662.0   867.6  3094.5  7561.6  69368.8    69200
read      364.5   290.9   101.3   157.6   174.9   320.5   400.9   451.7   491.1   538.1   593.3   667.9   897.9  2982.2 10689.4  49773.0    49459
read      412.7   313.5    93.8   162.0   180.6   338.2   453.0   520.4   569.2   631.6   739.6   898.7  1170.6  2493.0 10117.1  29026.2    29055
read      376.3   462.9   101.3   160.6   177.7   317.9   398.3   448.0   486.8   534.9   595.6   685.4  1280.1  4833.6 15852.7  64330.8    64324
read      455.7  1506.0   118.1   197.5   223.7   326.2   361.4   381.2   396.1   415.2   442.1   505.5  2827.2 30581.4 36862.1   5733.8     5705
read      415.5   474.1   101.3   164.2   183.5   332.0   416.0   469.2   511.4   565.6   637.9   794.7  1841.4  5213.2 19032.1  84551.2    84816
read      448.1   810.3   101.3   163.9   182.7   352.8   461.8   519.1   560.4   616.5   703.3   834.9  1423.6 10691.9 34456.3  23787.2    23714
read      420.5   498.8   101.3   163.2   182.1   328.8   415.1   469.8   513.8   569.2   646.3   928.6  1820.4  5169.8 13684.8  74126.0    74116
read      447.9   736.3   101.3   165.7   185.8   369.6   470.9   528.1   572.6   630.2   702.1   803.6  1179.6  9912.4 35436.2  20018.0    19948
read      394.8   486.8    93.8   157.0   174.6   320.9   408.8   468.6   515.0   568.7   632.4   766.4  1419.1  6267.7 19122.1  44286.2    44213
read      447.0   772.5   101.3   165.4   185.3   372.4   467.4   524.9   567.6   619.0   679.8   770.7  1233.7 10948.1 31711.0  19377.5    19454
read      500.0  1618.4   118.1   190.0   216.5   347.4   396.2   424.0   444.1   467.4   500.2   564.4  4205.3 31626.8 37486.6   7200.5     7190
read      405.6   550.7    93.8   157.7   175.2   319.0   404.9   467.1   516.0   575.4   648.3   865.1  1581.6  6235.1 30375.3  47639.0    47657
read      352.0   234.0   101.3   154.1   170.6   311.9   390.9   442.1   481.7   528.2   580.5   647.1   837.8  2289.9  7102.0  44444.8    44399
read      429.2  1083.9   118.1   191.5   216.7   332.2   371.9   396.2   414.0   434.4   466.6   530.2  2713.8 16109.9 31999.6   6533.2     6481
read      458.6  1395.9   109.4   190.7   217.9   331.6   371.5   393.7   409.3   430.1   461.0   529.1  3534.5 30581.9 37117.2   5829.5     5807
read      416.4   579.3   101.3   163.4   182.8   330.8   414.3   467.8   509.9   562.0   631.7   783.6  1791.5  7092.0 29954.7  83218.5    83137
read      419.8   964.1   109.4   182.0   205.6   346.8   399.3   430.0   453.3   481.0   518.1   578.9  1908.2 12371.1 32063.1   9677.0     9580
read      408.4   528.2   101.3   157.4   175.2   318.7   416.3   484.2   533.4   589.6   674.6   915.5  1362.3  6581.1 21335.6  37317.5    37385
read      354.5   318.5   101.3   153.2   169.1   304.0   390.7   448.6   488.6   529.8   573.9   630.2   805.4  4030.7 10152.5  33823.0    33706
read      353.2   371.9   101.3   153.7   169.5   304.3   390.2   448.5   489.3   531.8   576.1   631.1   793.7  3492.4 10630.9  35196.5    35204
read      357.3   298.2    93.8   157.5   174.8   315.7   390.1   439.9   480.4   529.5   585.1   655.1   828.5  3172.3  9835.3  50125.0    50438
read      351.6   221.0    93.8   156.7   173.9   315.6   391.7   440.3   480.4   526.2   578.1   642.5   797.4  1596.5  6358.4  48940.0    48878
read      362.3   343.2   101.3   155.6   172.7   317.1   396.4   450.7   493.2   539.9   591.7   658.4   814.7  4193.0  8644.0  42808.8    42682
read      423.7   485.6   101.3   161.3   179.6   339.8   456.3   522.9   572.3   638.6   744.5   887.5  1185.2  7705.3 22996.8  27568.0    27416
read      360.3   332.6   101.3   157.6   174.9   315.3   395.2   442.8   479.5   524.5   580.6   660.4  1016.0  2349.1 14382.2  64622.5    64424
read      365.7   386.0   101.3   160.4   177.4   321.1   402.6   451.7   489.1   534.0   588.2   664.8   831.8  3093.4 13679.3  64358.0    64364
read      454.2  1506.9   127.6   200.6   224.3   325.7   361.9   381.2   395.7   414.2   440.4   505.3  2826.9 30641.4 41837.9   5516.8     5481
read      463.5   684.8   101.3   167.6   187.5   359.7   485.4   561.8   626.8   702.0   787.2   908.8  1313.7 10128.4 31179.3  26226.2    26227
read      460.6   767.3   101.3   162.5   181.8   353.5   478.6   548.8   606.0   682.2   778.4   914.9  1392.8 10802.1 30956.8  26385.8    26586
read      426.2   413.2   101.3   165.9   186.2   339.9   426.6   482.6   528.1   584.0   663.1   873.5  1842.2  3584.4 10184.8  86316.2    86286
read      449.4   794.1   101.3   164.8   183.9   349.9   463.9   525.8   570.7   629.7   722.2   851.7  1246.9 10983.3 31339.2  24592.8    24452
read      447.2   548.5    93.8   165.2   184.6   354.2   487.8   568.4   634.2   715.4   800.7   913.9  1174.2  7581.1 26447.1  26739.5    26832
read      469.7   900.5   101.3   159.9   178.8   333.0   451.6   534.1   610.1   719.7   841.6   987.1  1369.1 14122.2 36647.9  29901.0    29795
read      374.0   347.8   101.3   154.9   171.9   313.5   391.7   444.2   487.0   538.4   602.9   716.2  1390.5  2982.4 10098.7  46136.2    46224
read      356.3   261.1   101.3   158.0   175.8   312.1   389.3   437.0   474.3   519.4   576.7   663.7   934.8  2850.9  7677.0  84498.2    84587
read      376.9   335.6   101.3   162.2   180.1   332.1   415.1   463.3   500.2   544.8   603.9   689.8  1010.6  3679.2  9449.2  63445.8    63389
read      358.9   214.4   101.3   157.7   175.3   322.0   399.8   447.6   484.9   530.4   586.0   662.7   899.2  1843.3  5501.3  46854.0    46953
read      370.5   330.6    93.8   161.8   180.2   321.8   400.6   449.8   487.5   532.8   591.2   684.6  1039.3  2963.6 12014.1  90632.8    90536
read      435.7   983.5   101.3   167.6   188.4   351.2   417.4   458.8   490.4   527.8   574.8   643.1  1774.9 12921.8 35598.8  12477.0    12508
read      411.1   556.1   101.3   156.9   174.9   325.4   419.5   484.0   531.9   588.9   676.0   929.7  1390.6  7966.6 27161.2  38500.8    38491
read      372.8   384.1    93.8   163.7   183.3   324.8   400.9   447.4   482.7   527.1   586.3   679.9   957.5  3802.6 13500.0  98032.8    97806
read      352.3   363.1   101.3   174.1   193.3   335.1   381.2   404.5   422.7   442.6   468.4   512.6   684.3  5085.9 12362.8  11835.2    11813
read      350.1   292.2    93.8   154.0   170.6   311.7   394.0   447.1   486.2   528.9   576.4   634.7   742.5  2250.7 11112.3  39558.5    39665
read      349.0   237.9   101.3   156.5   174.1   317.8   392.7   439.7   476.7   520.3   572.1   636.6   746.6  1196.8  9769.1  53650.8    53571
read      345.7   201.9    93.8   158.1   175.3   315.0   391.5   436.1   471.3   514.2   565.4   632.4   742.0   945.7  7870.2  63076.8    63215
read      347.7   216.5    93.8   158.8   176.0   312.9   392.4   439.4   473.8   514.9   565.6   638.3   778.8  1082.9  8010.1  78383.5    78767
read      352.9   432.3   118.1   188.9   211.2   332.8   368.6   387.8   400.6   418.0   438.2   473.4   655.8  6818.8 15272.0   8712.0     8615
read      345.5   193.8    93.8   158.9   175.9   313.1   391.9   438.2   472.3   512.6   563.9   631.6   745.4  1014.4  7732.5  67856.0    67903
read      358.0   317.8   109.4   168.8   188.8   343.0   410.1   441.4   462.0   485.1   511.2   551.0   642.3  3623.3 14853.8  16419.2    16398
read      350.6   245.0    93.8   157.9   175.4   316.8   392.2   440.9   479.8   526.7   579.3   641.6   743.3  1004.0  9216.2  53416.0    53434
read      353.9   257.9    93.8   157.1   174.7   316.1   398.0   453.4   492.7   535.3   581.8   638.4   740.3  2165.1 12048.9  38122.0    38068
read      355.1   432.5   109.4   190.2   212.1   336.7   374.6   394.3   407.2   423.8   443.2   475.0   615.3  6332.0 19148.7   9154.8     9130
read      346.5   207.9    93.8   158.7   175.5   313.8   392.8   438.4   473.1   515.3   566.9   635.1   753.1  1008.0  8042.5  69104.0    69227
read      347.1   249.9    93.8   152.9   169.4   306.9   393.1   450.2   490.5   532.3   577.7   633.6   729.9  1413.0 10261.4  37397.2    37496
read      343.8   225.8   101.3   158.1   175.6   307.4   384.9   431.2   466.0   507.9   561.3   635.1   773.1  1045.8  9148.9  83624.8    83925
read      344.4   235.0    93.8   154.6   171.3   311.5   385.9   432.2   468.1   513.3   566.6   632.4   739.7  1082.8 10470.6  50867.5    51037
read      343.3   248.6   101.3   153.6   170.1   305.3   390.8   444.3   481.4   520.3   561.3   615.9   709.9  1938.8 12199.9  33724.0    33690
read      345.6   201.6    93.8   156.5   173.7   312.5   386.5   434.2   472.5   519.3   573.1   637.2   739.7  1110.9  8061.3  51291.5    51474
read      346.5   202.5    93.8   159.0   176.4   313.9   392.5   438.1   471.8   512.9   565.5   637.4   761.9   996.2  7928.4  73496.5    73708
read      335.9   190.4   101.3   160.7   178.1   303.7   373.7   417.1   450.1   489.9   539.6   610.9   743.5   969.1  7650.3  98649.2    98618
read      338.5   184.7   101.3   157.6   174.7   304.4   381.8   427.6   461.6   501.6   550.2   622.7   750.1  1000.3  6253.9  82165.2    81977
read      340.2   194.0    93.8   160.0   177.5   306.3   381.5   427.3   461.4   501.2   550.8   625.3   762.5   975.5  6331.1  91576.5    91567
read      348.4   217.0    93.8   155.5   172.6   314.1   391.4   441.5   481.2   528.1   579.3   640.7   747.9  1034.6  8325.9  48197.8    48236
read      341.8   198.8    93.8   160.0   177.7   307.8   381.9   427.2   461.5   502.4   552.9   628.2   771.7  1016.6  7690.8  91731.2    91726
read      349.7   291.5    93.8   156.0   173.1   315.3   392.8   440.8   478.8   524.0   576.7   640.5   745.0  1062.3 12379.1  52623.2    52458
read      346.1   180.1    93.8   159.1   176.3   313.4   392.6   439.5   475.2   517.8   570.1   638.0   753.0   959.6  5235.8  70445.5    70467
read      343.9   202.1   101.3   158.6   175.5   311.1   388.6   434.3   468.9   510.6   563.4   631.7   744.8   974.2  7947.4  71134.2    71151
read      347.4   227.6    93.8   158.0   175.2   314.8   392.8   438.5   474.5   518.4   571.5   639.2   746.7  1042.1  6455.3  65121.2    65016
